MENSAJE: El mensaje avanzado es igual que el mensaje basico solo que con mas columnas que trabajar

Cantidad Real: 89
Cantidad aproximada: 90
 [4 ][12][19][4 ][22][26][15][19][6 ][11][21][4 ][12][19][4 ][0 ][2 ][19][15][21][2 ][27][19][15][12][19][21][20][1][0 ] 
 [11][4 ][0 ][27][0 ][0 ][27][27][21][27][4 ][11][4 ][0 ][27][19][15][15][27][4 ][15][12][27][11][13][27][4 ][18][0][18] 
 [27][13][9 ][0 ][13][3 ][4 ][8 ][0 ][17][27][27][13][9 ][1 ][8 ][27][11][17][27][13][0 ][2 ][21][0 ][17][27][0 ][9][27] 

Matriz A:
 [7][5][0] 
 [9][0][6] 
 [3][8][4] 

Matriz B:
 [19][20][9 ][7 ][24][4 ][4 ][26][27][11][6 ][8 ][26][4 ][25][17][0 ][3][11][11][19][11][6 ][18][4 ][27][20][4 ][13][22] 
 [25][21][13][21][3 ][1 ][25][22][3 ][6 ][15][25][16][19][4 ][8 ][20][9][11][7 ][22][4 ][25][15][10][16][0 ][2 ][18][1 ] 
 [3 ][13][1 ][10][18][27][27][20][15][23][18][27][4 ][20][19][23][26][0][27][7 ][2 ][14][16][7 ][23][22][15][15][25][10] 

Encriptado
MULTIPLICACION DE A*M
 [ 83 ][ 104 ][ 133 ][ 163 ][ 154 ][ 182 ][ 240 ][ 268 ][ 147 ][ 212 ][ 167 ][ 83 ][ 104 ][ 133 ][ 163 ][ 95 ][ 89 ][ 208 ][ 240 ][ 167 ][ 89 ][ 249 ][ 268 ][ 160 ][ 149 ][ 268 ][ 167 ][ 230 ][ 7 ][ 90 ] 
 [ 198 ][ 186 ][ 225 ][ 36 ][ 276 ][ 252 ][ 159 ][ 219 ][ 54 ][ 201 ][ 351 ][ 198 ][ 186 ][ 225 ][ 42 ][ 48 ][ 180 ][ 237 ][ 237 ][ 351 ][ 96 ][ 243 ][ 183 ][ 261 ][ 108 ][ 273 ][ 351 ][ 180 ][ 63 ][ 162 ] 
 [ 208 ][ 120 ][ 93 ][ 228 ][ 118 ][ 90 ][ 277 ][ 305 ][ 186 ][ 317 ][ 203 ][ 208 ][ 120 ][ 93 ][ 232 ][ 184 ][ 234 ][ 221 ][ 329 ][ 203 ][ 178 ][ 177 ][ 281 ][ 217 ][ 140 ][ 341 ][ 203 ][ 204 ][ 39 ][ 252 ] 

SUMAR LA MATRIZ (A*M)+B
 [ 102 ][ 124 ][ 142 ][ 170 ][ 178 ][ 186 ][ 244 ][ 294 ][ 174 ][ 223 ][ 173 ][ 91 ][ 130 ][ 137 ][ 188 ][ 112 ][ 89 ][ 211 ][ 251 ][ 178 ][ 108 ][ 260 ][ 274 ][ 178 ][ 153 ][ 295 ][ 187 ][ 234 ][ 20 ][ 112 ] 
 [ 223 ][ 207 ][ 238 ][ 57 ][ 279 ][ 253 ][ 184 ][ 241 ][ 57 ][ 207 ][ 366 ][ 223 ][ 202 ][ 244 ][ 46 ][ 56 ][ 200 ][ 246 ][ 248 ][ 358 ][ 118 ][ 247 ][ 208 ][ 276 ][ 118 ][ 289 ][ 351 ][ 182 ][ 81 ][ 163 ] 
 [ 211 ][ 133 ][ 94 ][ 238 ][ 136 ][ 117 ][ 304 ][ 325 ][ 201 ][ 340 ][ 221 ][ 235 ][ 124 ][ 113 ][ 251 ][ 207 ][ 260 ][ 221 ][ 356 ][ 210 ][ 180 ][ 191 ][ 297 ][ 224 ][ 163 ][ 363 ][ 218 ][ 219 ][ 64 ][ 262 ] 

MENSAJE CIFRADO
102 223 211 124 207 133 142 238 94 170 57 238 178 279 136 186 253 117 244 184 304 294 241 325 174 57 201 223 207 340 173 366 221 91 223 235 130 202 124 137 244 113 188 46 251 112 56 207 89 200 260 211 246 221 251 248 356 178 358 210 108 118 180 260 247 191 274 208 297 178 276 224 153 118 163 295 289 363 187 351 218 234 182 219 20 81 64 112 163 262 