MENSAJE: El proceso de encriptado es una operacion entre matrices
Cantidad Real: 56
Cantidad aproximada: 57
 [4 ] [16 ] [2 ] [15] [4 ] [13] [8 ] [0 ] [27] [27 ] [0 ] [16] [0 ] [15 ] [4 ] [18] [12] [18] [4 ] 
 [11] [18 ] [4 ] [27] [27] [2 ] [16] [3 ] [4 ] [21 ] [27] [4 ] [2 ] [13 ] [13] [4 ] [0 ] [8 ] [19] 
 [27] [15 ] [19] [3 ] [4 ] [18] [20] [15] [19] [13 ] [15] [18] [8 ] [27 ] [20] [27] [20] [2 ] [27] 


Matriz A:
 [ 4 ] [ 4 ] [ 8 ] 
 [ 6 ] [ 7 ] [ 1 ] 
 [ 8 ] [ 0 ] [ 0 ]

Matriz B:
 [ 5 ] [49 ] [ 4 ] [13 ] [11 ] [18 ] [19 ] [35 ] [24 ] [13 ] [12 ] [1  ] [21 ] [22 ] [33 ] [10 ] [25 ] [14 ] [18 ] 
 [12 ] [ 5 ] [ 0 ] [13 ] [20 ] [41 ] [35 ] [14 ] [29 ] [17 ] [20 ] [47 ] [28 ] [16 ] [29 ] [17 ] [0  ] [11 ] [13 ] 
 [14 ] [16 ] [14 ] [7  ] [41 ] [23 ] [40 ] [18 ] [41 ] [43 ] [0  ] [33 ] [13 ] [13 ] [0  ] [49 ] [2  ] [8  ] [8  ] 


Encriptado
MULTIPLICACION DE A*M
 [276] [256] [176] [192] [156] [204] [256] [132] [276] [296] [228] [224] [72 ] [328] [228] [304] [208] [120] [308] 
 [128] [237] [59 ] [282] [217] [110] [180] [36 ] [209] [322] [204] [142] [22 ] [208] [135] [163] [92 ] [166] [184] 
 [32 ] [128] [16 ] [120] [32 ] [104] [64 ] [0  ] [216] [216] [0  ] [128] [0  ] [120] [32 ] [144] [96 ] [144] [32 ] 
SUMAR LA MATRIZ (A*M)+B
 [281] [305] [180] [205] [167] [222] [275] [167] [300] [309] [240] [225] [93 ] [350] [261] [314] [233] [134] [326] 
 [140] [242] [ 59] [295] [237] [151] [215] [ 50] [238] [339] [224] [189] [50 ] [224] [164] [180] [92 ] [177] [197] 
 [ 46] [144] [ 30] [127] [ 73] [127] [104] [ 18] [257] [259] [ 0 ] [161] [13 ] [133] [32 ] [193] [98 ] [152] [ 40] 
 
MENSAJE CIFRADO
281 140 46 305 242 144 180 59 30 205 295 127 167 237 73 222 151 127 275 215 104 167 50 18 300 238 257 309 339 259 240 224 0 225 189 161 93 50 13 350 224 133 261 164 32 314 180 193 233 92 98 134 177 152 326 197 40 
