MENSAJE: Primera practica de ipc
Cantidad Real: 23
Cantidad aproximada: 24
 [ 16 ]  [ 12 ]  [ 0 ]  [ 18 ]  [ 20 ]  [ 0 ]  [ 4 ]  [ 16 ] 
 [ 18 ]  [ 4  ]  [ 27 ]  [ 0 ]  [ 8 ]  [ 27 ]  [ 27 ]  [ 2 ] 
 [ 8  ]  [ 18 ]  [ 16 ]  [ 2 ]  [ 2 ]  [ 3 ]  [ 8 ]  [ 27 ] 

Matriz A:
 [ 6 ]  [ 10 ]  [ 5 ] 
 [ 6 ]  [ 7 ]  [ 3 ] 
 [ 10 ]  [ 5 ]  [ 2 ] 

Matriz B:
 [ 25 ]  [ 3 ]  [ 23 ]  [ 18 ]  [ 27 ]  [ 18 ]  [ 6 ]  [ 4 ] 
 [ 24 ]  [ 0 ]  [ 1 ]  [ 3 ]  [ 15 ]  [ 17 ]  [ 6 ]  [ 3 ] 
 [ 24 ]  [ 23 ]  [ 9 ]  [ 10 ]  [ 18 ]  [ 20 ]  [ 4 ]  [ 16 ] 

Encriptado
MULTIPLICACION DE A*M
 [ 316 ]  [ 202 ]  [ 350 ]  [ 118 ]  [ 210 ]  [ 285 ]  [ 334 ]  [ 251 ] 
 [ 246 ]  [ 154 ]  [ 237 ]  [ 114 ]  [ 182 ]  [ 198 ]  [ 237 ]  [ 191 ] 
 [ 266 ]  [ 176 ]  [ 167 ]  [ 184 ]  [ 244 ]  [ 141 ]  [ 191 ]  [ 224 ] 

SUMAR LA MATRIZ (A*M)+B
 [ 341 ]  [ 205 ]  [ 373 ]  [ 136 ]  [ 237 ]  [ 303 ]  [ 340 ]  [ 255 ] 
 [ 270 ]  [ 154 ]  [ 238 ]  [ 117 ]  [ 197 ]  [ 215 ]  [ 243 ]  [ 194 ] 
 [ 290 ]  [ 199 ]  [ 176 ]  [ 194 ]  [ 262 ]  [ 161 ]  [ 195 ]  [ 240 ] 
 
MENSAJE CIFRADO
341 270 290 205 154 199 373 238 176 136 117 194 237 197 262 303 215 161 340 243 195 255 194 240 